# # tcc	M_cold_cloud/M0
0.000000e+00 1.000000e+00
1.000000e+00 1.010384e+00
2.000000e+00 1.023977e+00
3.000000e+00 1.035597e+00
4.000000e+00 1.055674e+00
5.000000e+00 1.077762e+00
6.000000e+00 1.098419e+00
7.000000e+00 1.074798e+00
8.000000e+00 1.056827e+00
9.000000e+00 1.035435e+00
1.000000e+01 9.963286e-01
1.100000e+01 9.578016e-01
1.200000e+01 9.179020e-01
1.300000e+01 8.472253e-01
1.400000e+01 7.841261e-01
1.500000e+01 7.253382e-01
1.600000e+01 6.838344e-01
1.700000e+01 6.271567e-01
1.800000e+01 5.823149e-01
1.900000e+01 5.581780e-01
2.000000e+01 5.306208e-01
2.100000e+01 5.018701e-01
2.200000e+01 4.784909e-01
2.300000e+01 4.563655e-01
2.400000e+01 4.381205e-01
2.500000e+01 4.155722e-01
2.600000e+01 3.966070e-01
2.700000e+01 3.773777e-01
2.800000e+01 3.566896e-01
2.900000e+01 3.467485e-01
3.000000e+01 3.391359e-01
3.100000e+01 3.327754e-01
3.200000e+01 3.241128e-01
3.300000e+01 3.109915e-01
3.400000e+01 3.061184e-01
3.500000e+01 3.018833e-01
3.600000e+01 2.870498e-01
3.700000e+01 2.782902e-01
3.800000e+01 2.739637e-01
3.900000e+01 2.685124e-01
4.000000e+01 2.655294e-01
